800
600
40
3
1 2 3
1 2 3 4 5 6 7 8 9 10 11 12 13 14 15 16 17 18 19 20 21 22 23 24 25
1 A 2 B 3 C 4 D 5 E 6 F 7 G 8 H 9 I 10 J 11 K 12 L 13
Training Phase\n\n Tap <spacebar> to continue
Testing Phase 1\n\n Tap <spacebar> to continue
Testing Phase 2\n\n Tap <spacebar> to continue
End\n\n \n\n Tap <esc> to exit
default
860 466
1092 695
681 396
987 598
834 834
989 723
656 524
1314 389
819 494
1155 409
736 447
846 382
962 384
920 809
788 650
1264 757
637 605
728 734
1079 781
1216 504
1201 635
1180 715
1309 859
986 506
691 858
900 602
627 344
613 715
1132 579
691 504
748 798
1062 797
1196 781
618 648
1176 380
642 354
911 608
1286 648
1055 340
1005 648
1200 461
942 785
810 717
1282 734
832 532
1002 401
976 544
1264 348
798 430
851 788
627 758
759 635
1083 698
